1734706176.600523710 0.0220649265174056 -0.0000000184075826 -0.0000000083576153 -0.0000000184075826 0.0220649231466869 -0.0000000084172557 -0.0000000083576153 -0.0000000084172557 0.0220650028291362
1734706176.800595045 0.0351670844186961 -0.0000000760105678 -0.0000000345113331 -0.0000000760105678 0.0351670704999499 -0.0000000347576199 -0.0000000345113331 -0.0000000347576199 0.0351673995352306
1734706177.000670910 0.0489360372836578 -0.0000001944027996 -0.0000000882658626 -0.0000001944027996 0.0489360016852984 -0.0000000888957823 -0.0000000882658626 -0.0000000888957823 0.0489368432242962
1734706177.210860729 0.0682999231622734 -0.0000004305820702 -0.0000001955015639 -0.0000004305820702 0.0682998443157943 -0.0000001968965785 -0.0000001955015639 -0.0000001968965785 0.0683017082577068
1734706177.420693636 0.1036994709521966 -0.0000009775344927 -0.0000004438454994 -0.0000009775344927 0.1036992919494614 -0.0000004470124461 -0.0000004438454994 -0.0000004470124461 0.1037035236514661
1734706177.630763054 0.1774610892033477 -0.0000025946810019 -0.0000011781298188 -0.0000025946810019 0.1774606140741010 -0.0000011865344085 -0.0000011781298188 -0.0000011865344085 0.1774718466122347
1734706177.840802670 0.3104324520999697 -0.0249984031356395 0.0000732720207266 -0.0249984031356395 0.3070110858520911 0.0000786986474346 0.0000732720207266 0.0000786986474346 0.3338055136354705
1734706178.040873051 0.5086530970044408 -0.0322439606220575 -0.0044397696350594 -0.0322439606220575 0.5157875944767193 -0.0065065347222344 -0.0044397696350594 -0.0065065347222344 0.6356945090622528
1734706178.250355482 0.5638908679709739 -0.0516635086802059 -0.0435424784182107 -0.0516635086802059 0.5723367570983988 -0.0297155989459525 -0.0435424784182108 -0.0297155989459525 1.3132293285249323
1734706178.450453758 0.7010373034651841 0.0815504529727917 -0.2076461749700236 0.0815504529727917 0.7325384900386391 -0.1528859033392504 -0.2076461749700236 -0.1528859033392503 2.1585116339675783
1734706178.650835037 0.8041410111361178 0.1696441581836763 -0.4566504253060824 0.1696441581836762 0.8312953027561372 -0.3884143151590147 -0.4566504253060824 -0.3884143151590147 3.1765224637691647
1734706178.860737801 0.7855907841402289 0.1776308979944724 -0.6687668019503561 0.1776308979944723 0.8103389920356043 -0.5529844307887329 -0.6687668019503561 -0.5529844307887328 4.1467537875433678
1734706179.060754776 0.7280690151321021 0.1833102962937016 -0.7728436216837155 0.1833102962937015 0.7837647334567441 -0.6326109304074216 -0.7728436216837153 -0.6326109304074218 4.6474526954540671
1734706179.260766029 0.7270047411042644 0.1440579278946139 -0.7740016191485956 0.1440579278946139 0.7470583408489390 -0.6374160588988990 -0.7740016191485954 -0.6374160588988987 4.9132471801179483
1734706179.470390797 0.8062968523525389 0.2205857578514918 -0.8721964614274084 0.2205857578514919 0.8048010039796971 -0.7488184577507935 -0.8721964614274086 -0.7488184577507935 5.2169066789537126
1734706179.670727968 0.8216042526534150 0.2158805582551989 -0.8902521193878504 0.2158805582551990 0.8369701825300749 -0.7683077252221587 -0.8902521193878505 -0.7683077252221586 5.5316236242647969
1734706179.870757580 0.8925058784576700 0.2590849469125033 -0.9910679465951056 0.2590849469125033 0.9061873363583831 -0.8462200867329958 -0.9910679465951056 -0.8462200867329958 5.7895060772499960
1734706180.080607176 0.8861421060956700 0.2809537904408920 -1.0178280157763360 0.2809537904408919 0.9539714549230457 -0.8876252395582369 -1.0178280157763357 -0.8876252395582369 5.8513129257956660
1734706180.280611515 0.8150308481897879 0.1986533582058522 -0.8947211842341934 0.1986533582058522 0.8794212302996948 -0.7902766843566666 -0.8947211842341933 -0.7902766843566661 5.7397686902167084
1734706180.480779171 0.8933082325858381 0.2617216993177737 -1.0251646880472178 0.2617216993177737 0.9493689260471917 -0.8824524529937748 -1.0251646880472174 -0.8824524529937749 5.9205083169799062
1734706180.690750360 0.8610434461404705 0.2510929467091636 -1.0029542306927817 0.2510929467091636 0.9211879499422937 -0.8432553040575574 -1.0029542306927817 -0.8432553040575572 5.7257184594645212
1734706180.890795231 0.8751284856720615 0.2390220933052651 -1.0335245536137345 0.2390220933052652 0.9291314579301667 -0.8731930299304902 -1.0335245536137339 -0.8731930299304899 6.1248766132114207
1734706181.090842485 0.8516495467436108 0.2741304057892497 -1.0183652912707568 0.2741304057892497 0.8847710975249037 -0.8894211041192918 -1.0183652912707570 -0.8894211041192918 5.8793497993276800
1734706181.290846348 0.8346113329325515 0.2586974011710122 -0.9918650612750004 0.2586974011710123 0.8710743100358525 -0.8060432602768980 -0.9918650612750002 -0.8060432602768975 5.5977694134134754
1734706181.500802279 0.8794215003703679 0.2924988498974924 -1.0637669463201569 0.2924988498974924 0.9032816621801414 -0.8688994696639472 -1.0637669463201567 -0.8688994696639472 6.0775183982629937
1734706181.700805187 0.8907268226198660 0.3469426090590960 -1.0809738627268421 0.3469426090590960 0.9083668965189088 -0.8779039765512593 -1.0809738627268419 -0.8779039765512594 5.8410404535217930
1734706181.910743713 0.8540920872555140 0.3226541499919280 -1.0000113823701662 0.3226541499919280 0.9070592002688102 -0.8139486339433732 -1.0000113823701662 -0.8139486339433731 5.7731574036582947
1734706182.110758781 0.8524934445592447 0.3310936054207049 -1.0696896620158687 0.3310936054207049 0.9013270187469538 -0.8226469305446300 -1.0696896620158689 -0.8226469305446297 6.7343161735004466
1734706182.320833683 0.8767016806727476 0.4200114039476970 -1.1246580149714807 0.4200114039476971 0.9714194824993803 -0.8605299893268389 -1.1246580149714809 -0.8605299893268387 7.9238451794470990
1734706182.521062136 0.8521684604054085 0.4457222022108486 -1.0522546310909795 0.4457222022108486 1.0008267457902815 -0.7260804308762323 -1.0522546310909799 -0.7260804308762321 9.0992704259892232
1734706182.730823755 0.7613117459679724 0.3849006991799608 -0.9421750855728591 0.3849006991799609 0.9183060135048772 -0.7441893653925256 -0.9421750855728590 -0.7441893653925256 9.6433904764735665
1734706182.940832853 0.7227261184824241 0.3228016395668378 -0.9200556724941673 0.3228016395668377 0.8283781202407733 -0.6359823177552695 -0.9200556724941675 -0.6359823177552697 8.6826381715843688
1734706183.150810003 0.9458547502619434 0.5605324432402438 -1.1163969726565517 0.5605324432402439 1.1220751794332244 -0.7632242030632741 -1.1163969726565519 -0.7632242030632741 9.3344054368228360
1734706183.360715151 0.8286730503053638 0.4319949944410501 -0.8370439695730002 0.4319949944410503 1.0899554844549026 -0.4113767773237928 -0.8370439695730003 -0.4113767773237925 11.3203811827367957
1734706183.570610046 0.7211560779984278 0.3039152614665738 -0.8701785865358291 0.3039152614665739 0.8931595019789463 -0.5069097705670873 -0.8701785865358291 -0.5069097705670872 10.3605546784552978
1734706183.770744801 0.7105245059060175 0.3079666845241329 -0.7283261362469124 0.3079666845241329 0.8992459679774170 -0.4500117532267467 -0.7283261362469126 -0.4500117532267469 11.1317231544499400
1734706183.980749369 0.7514841180329044 0.1923234377445389 -0.4920202567747975 0.1923234377445390 0.9274677619869294 -0.3938041257272344 -0.4920202567747971 -0.3938041257272348 11.8870185697309463
1734706184.180815935 0.7040026106830469 0.1690297969655565 -0.7473417645297377 0.1690297969655564 0.7707726523198484 -0.3675076265377782 -0.7473417645297377 -0.3675076265377787 10.6111838608345099
1734706184.390644073 0.7543774035676204 0.1125593340219383 -0.4227959173124808 0.1125593340219383 0.8522358197061181 -0.1905407042938389 -0.4227959173124809 -0.1905407042938389 12.2564681843293268
1734706184.590767145 0.7359550936726104 0.0011034447728773 -0.5020079213978232 0.0011034447728773 0.7557617370111368 -0.2877365027868325 -0.5020079213978231 -0.2877365027868326 9.0916735444831165
1734706184.790878057 0.7626120177679495 -0.0308479667297957 -0.4646245712735928 -0.0308479667297956 0.7715603161476836 -0.3032843693577479 -0.4646245712735931 -0.3032843693577481 8.1232246701284652
1734706185.000893593 0.8108012978106659 -0.0341189185365999 -0.5004354916084218 -0.0341189185365999 0.7803446572128218 -0.2455178371462266 -0.5004354916084224 -0.2455178371462263 8.3539940002429827
1734706185.210778236 0.8003536272290280 -0.0287061602703666 -0.5200961047621802 -0.0287061602703665 0.7625538820817052 -0.2348173039322245 -0.5200961047621799 -0.2348173039322246 7.8935708162461875
1734706185.410806656 0.8022710105703101 -0.0208687118434966 -0.4897223685382601 -0.0208687118434966 0.7557291704618800 -0.2693170003772278 -0.4897223685382602 -0.2693170003772274 7.7929757108126276
1734706185.610829353 0.8010861685281291 0.0024922974398686 -0.4483474060445174 0.0024922974398687 0.7378139841922944 -0.1854314783447570 -0.4483474060445172 -0.1854314783447568 7.3724429993404721
1734706185.820771456 0.8194577570151811 0.0101773553175806 -0.4762833725746218 0.0101773553175807 0.7583386773953746 -0.2918905563917312 -0.4762833725746213 -0.2918905563917310 5.9268070691943180
1734706186.030716181 0.8090242575619110 -0.0142644923761501 -0.3418469113763667 -0.0142644923761501 0.7238292934977951 -0.1143316818576676 -0.3418469113763670 -0.1143316818576675 5.5356906688900924
1734706186.230811357 0.8344135054512469 -0.0058175463649345 -0.3987698954884212 -0.0058175463649345 0.7528434921611969 -0.2120351699887594 -0.3987698954884212 -0.2120351699887597 4.7572237429803268
1734706186.440791368 0.8732601682478520 0.0308772203647025 -0.3786707991979048 0.0308772203647025 0.7645824604078858 -0.1980659956130176 -0.3786707991979048 -0.1980659956130176 4.4717445523871291
1734706186.640817642 0.8681542335862545 0.0342167369860577 -0.3450450335393637 0.0342167369860576 0.7494350922786425 -0.1693927442218238 -0.3450450335393646 -0.1693927442218242 4.1524036810809681
1734706186.840907574 0.8762968212707313 0.0404620864990465 -0.3359341146099106 0.0404620864990463 0.7477659485579271 -0.1728647581982521 -0.3359341146099112 -0.1728647581982518 3.9133516595263513
1734706187.050754070 0.8723637653587779 0.0318903336694503 -0.2715061637759617 0.0318903336694504 0.7277999814534027 -0.1043980551519449 -0.2715061637759616 -0.1043980551519451 3.8578913359485942
1734706187.250940084 0.8796916844962654 0.0425931253893626 -0.2832401252034928 0.0425931253893627 0.7251477329753721 -0.1043891612974525 -0.2832401252034924 -0.1043891612974527 3.8546287171690743
1734706187.460726976 0.8767877098090417 0.0363598241155167 -0.2391607546471225 0.0363598241155166 0.6932512009274410 -0.0503389989713329 -0.2391607546471225 -0.0503389989713331 3.7068972899201440
1734706187.660763502 0.8712286012594657 0.0327748285544040 -0.2252254185286447 0.0327748285544039 0.7000243223516965 -0.0664055701919597 -0.2252254185286447 -0.0664055701919595 3.3953739824397879
1734706187.870714426 0.9111537104683164 0.0469846948725157 -0.2268930538119423 0.0469846948725158 0.7163493828525603 -0.0638481080245844 -0.2268930538119418 -0.0638481080245846 3.2069156199385165
1734706188.070758343 0.9108690714669319 0.0464281038401790 -0.2010029471330886 0.0464281038401791 0.7070387255719709 -0.0617258639065839 -0.2010029471330885 -0.0617258639065843 3.0447345969419146
1734706188.280809641 0.9363776547726730 0.0683689238597327 -0.2028402532593519 0.0683689238597328 0.7192240726795192 -0.0525165470312859 -0.2028402532593519 -0.0525165470312859 2.9064259251768760
1734706188.490748167 0.9541917907059936 0.0763966978178757 -0.1939738816887150 0.0763966978178757 0.7221893352539942 -0.0564925506738275 -0.1939738816887152 -0.0564925506738275 2.6772233804965944
1734706188.700572968 0.9482216068330600 0.0595511997665955 -0.1546513329279722 0.0595511997665954 0.7071434526733497 -0.0294908565648550 -0.1546513329279724 -0.0294908565648552 2.6153919739952149
1734706188.900679111 0.9403949767545148 0.0481296379048718 -0.1355302878570920 0.0481296379048717 0.6947715011100467 -0.0205201635466805 -0.1355302878570921 -0.0205201635466805 2.5558173638487904
1734706189.100899220 0.9427811916016867 0.0458135444831715 -0.1220268564672825 0.0458135444831715 0.6840323732329484 -0.0054785827026647 -0.1220268564672822 -0.0054785827026648 2.5721235776104354
1734706189.310596228 0.9498944607525028 0.0663347194031558 -0.1437313542322637 0.0663347194031560 0.6814892213961223 -0.0007456613306507 -0.1437313542322634 -0.0007456613306509 2.5802058600060191
1734706189.510662079 0.9491653619017948 0.0667191764728689 -0.1201628087867108 0.0667191764728688 0.6789941972412418 0.0061521986837486 -0.1201628087867108 0.0061521986837488 2.5888444870364329
1734706189.710692406 0.9562157483182916 0.0812244996080865 -0.1476353098719254 0.0812244996080865 0.6798286909242088 -0.0010963352272570 -0.1476353098719256 -0.0010963352272565 2.5974409256161040
1734706189.910763741 0.9511403353675121 0.1074536603941553 -0.1806407054674125 0.1074536603941555 0.6841094421860422 0.0077042239320774 -0.1806407054674125 0.0077042239320773 2.6619641728618562
1734706190.120786905 0.9634062114346870 0.0854344602598728 -0.0999891071927149 0.0854344602598729 0.6688422466396930 0.0322329215931564 -0.0999891071927146 0.0322329215931561 2.6805006437817172
1734706190.320799828 0.9917986169294507 0.0729862205796479 -0.1186399060858758 0.0729862205796479 0.6685805033108526 -0.0149072053728677 -0.1186399060858759 -0.0149072053728678 2.6118516858652256
1734706190.520810604 0.9935160064537354 0.0751407983020983 -0.1057295512298237 0.0751407983020982 0.6658224938736989 0.0135695585377902 -0.1057295512298237 0.0135695585377900 2.6527015099848250
1734706190.720824957 1.0134833210941256 0.0845907640127526 -0.1156137502443862 0.0845907640127525 0.6680905560231269 0.0043481458266214 -0.1156137502443863 0.0043481458266212 2.6594110841060910
1734706190.930765390 0.9511423774336082 0.0736007907838607 -0.0858053051179407 0.0736007907838606 0.6428542462389165 0.0656971632626810 -0.0858053051179407 0.0656971632626809 2.5592481244697010
1734706191.130767345 0.8994157793911598 0.0739822656274467 -0.1448205694594236 0.0739822656274467 0.6363868192337835 0.0636681584773319 -0.1448205694594237 0.0636681584773317 2.3904372394651787
1734706191.340781450 0.9204547415660335 0.0824187496888381 -0.1318944799118032 0.0824187496888380 0.6452981938998564 0.0642563695340703 -0.1318944799118034 0.0642563695340704 2.4070514417747741
1734706191.550790548 0.9315318939105183 0.1199908471637086 -0.2161816849297498 0.1199908471637086 0.6497393387482189 0.0837525866062761 -0.2161816849297499 0.0837525866062761 2.4143518417935539
1734706191.760619879 0.9687654139294049 0.1391356954172346 -0.1973516194392309 0.1391356954172345 0.6637476399258837 0.0689577941095774 -0.1973516194392311 0.0689577941095776 2.3920724534940598
1734706191.960707188 0.9422741406081430 0.1229887501677113 -0.1677431263895126 0.1229887501677113 0.6519050332630915 0.0858793483876811 -0.1677431263895127 0.0858793483876811 2.3297082839617156
1734706192.160860062 0.9429350757912662 0.1176518879977088 -0.1757646390269492 0.1176518879977089 0.6489490269733907 0.0912903962448479 -0.1757646390269491 0.0912903962448478 2.2729047215783100
1734706192.370621204 0.9788422453517575 0.1336550802087117 -0.1789921512256016 0.1336550802087117 0.6617444382687182 0.0816266926653177 -0.1789921512256015 0.0816266926653176 2.2784732260070792
1734706192.570787430 0.9930565713001575 0.1491671249444254 -0.2016734737937234 0.1491671249444254 0.6587581776761714 0.0900472948832771 -0.2016734737937235 0.0900472948832773 2.2575226483125679
1734706192.770812273 0.9150073311759400 0.1351488580233624 -0.1494489290042674 0.1351488580233623 0.6582072202772744 0.0968341542821269 -0.1494489290042674 0.0968341542821269 2.1883053675523989
1734706192.980703354 0.9749785211883982 0.1460002541655392 -0.1989531640695045 0.1460002541655392 0.6617227291551764 0.1172986932624379 -0.1989531640695045 0.1172986932624379 2.1532229123893512
1734706193.180753708 0.9842634597673350 0.1598968969477626 -0.2001170028131838 0.1598968969477625 0.6638319606459953 0.1149284284914168 -0.2001170028131839 0.1149284284914167 2.0654747358508336
1734706193.390897512 0.9926582794245012 0.1660933773027607 -0.1884021872051595 0.1660933773027606 0.6586138024631260 0.1278581332903482 -0.1884021872051595 0.1278581332903484 1.9656281399447351
1734706193.600503206 0.9981826512399417 0.1584728072975995 -0.1637337467283842 0.1584728072975995 0.6631542208280150 0.1464190300739955 -0.1637337467283841 0.1464190300739953 1.8757911806855239
1734706193.800593853 0.9437660191495055 0.1341432378824152 -0.1407236574973957 0.1341432378824152 0.6460363256062766 0.1572535183791881 -0.1407236574973956 0.1572535183791881 1.7886373156200386
1734706194.000763416 0.9912860314105704 0.1685004954861671 -0.1777561839575008 0.1685004954861672 0.6621156149172238 0.1448761577252391 -0.1777561839575008 0.1448761577252391 1.7978610864955975
1734706194.210777521 0.9959918820991304 0.1815238854365887 -0.1364784558001960 0.1815238854365887 0.6763048412692062 0.1654236507147928 -0.1364784558001960 0.1654236507147927 1.8103271059896793
1734706194.420531511 1.0025617248249623 0.1727528157599066 -0.1016869954968244 0.1727528157599066 0.6690042701942213 0.1752635447672090 -0.1016869954968244 0.1752635447672091 1.7366502424954466
1734706194.620698929 0.9902216376669815 0.1594735173478806 -0.0927656222579105 0.1594735173478806 0.6481257629615729 0.1837679425452892 -0.0927656222579104 0.1837679425452893 1.6619168031282365
1734706194.830591679 1.0291902037958041 0.1758120738339442 -0.0686290795858004 0.1758120738339442 0.6604534610344407 0.1791622771313535 -0.0686290795858004 0.1791622771313534 1.7164417191150489
1734706195.040545225 0.9694238587977498 0.1588070219048457 -0.0211808241903447 0.1588070219048457 0.6593388906989431 0.1978808407086972 -0.0211808241903448 0.1978808407086975 1.7200108542633463
1734706195.240804672 1.0314026712912410 0.1701581904484716 -0.0306085836376557 0.1701581904484716 0.6535884206354966 0.1917522825541803 -0.0306085836376557 0.1917522825541803 1.6695358914019975
1734706195.450697422 1.0309759194390227 0.1656698950912653 0.0326873603615943 0.1656698950912652 0.6493771834689045 0.2051817909238867 0.0326873603615942 0.2051817909238867 1.6365917466401068
1734706195.650768757 1.0588837414311933 0.1638543752051264 0.0560220503309668 0.1638543752051264 0.6496170431539059 0.1913372340389953 0.0560220503309668 0.1913372340389952 1.5938750665081551
1734706195.860732555 1.0675201458689869 0.1692190675232762 0.0824676145328252 0.1692190675232762 0.6548637083298682 0.2133800681587773 0.0824676145328251 0.2133800681587773 1.5896814499127909
1734706196.070566416 1.0676882006024659 0.1617109709554860 0.1171693647368570 0.1617109709554860 0.6520699163077164 0.2111950975320348 0.1171693647368569 0.2111950975320349 1.6082859537721499
1734706196.270630360 1.0836258555218707 0.1423476858906580 0.1500486361129703 0.1423476858906580 0.6287722872246070 0.1959516898883940 0.1500486361129701 0.1959516898883940 1.6171726774556865
1734706196.470766783 1.0797880857703663 0.1472864688991603 0.1831377097329430 0.1472864688991603 0.6308474209862787 0.1899232354124163 0.1831377097329429 0.1899232354124163 1.6583394220947794
1734706196.680687904 1.0927713793797131 0.1391190820735774 0.2204018590521853 0.1391190820735774 0.6243869591769020 0.1985790931961164 0.2204018590521853 0.1985790931961163 1.7238867728320402
1734706196.880690813 1.0980600131344014 0.1244936212658786 0.2568766336042659 0.1244936212658785 0.6108547693796925 0.1832180059253697 0.2568766336042659 0.1832180059253697 1.7553934714049602
1734706197.080718279 1.1002339248557684 0.1106815457105226 0.2958675508045074 0.1106815457105225 0.6052615450715891 0.1645005901645901 0.2958675508045073 0.1645005901645901 1.7900867867048063
1734706197.280764818 1.0958262421931810 0.1085384459844139 0.3247055270475447 0.1085384459844139 0.6093809687060909 0.1271878520592511 0.3247055270475447 0.1271878520592511 1.8919013656518473
1734706197.490696430 1.1180681580058840 0.1065023543934548 0.3542613294028811 0.1065023543934548 0.5980111972016059 0.1353667670220665 0.3542613294028811 0.1353667670220667 1.9726877208439544
1734706197.700774193 1.1338131993927820 0.0847376655268219 0.3842098721575602 0.0847376655268219 0.5931164796761024 0.1023674512010684 0.3842098721575602 0.1023674512010685 1.9902936130644620
1734706197.910603762 1.1452109101096160 0.0840787615250670 0.3957094945326647 0.0840787615250670 0.5957890990379385 0.0912322277288940 0.3957094945326647 0.0912322277288939 1.9996321669212060
1734706198.120525599 1.1503046337126750 0.0809082481886603 0.4060206476007580 0.0809082481886603 0.6093554210484219 0.0636402723781191 0.4060206476007580 0.0636402723781193 1.9758731911152094
1734706198.330549717 1.1328616938524452 0.0657293507648777 0.4193579543795871 0.0657293507648777 0.6151931447646580 0.0323020292742880 0.4193579543795872 0.0323020292742881 1.9952286744340200
1734706198.530563831 1.1573925980199418 0.0520402351964844 0.4444631730274809 0.0520402351964844 0.6027676968225653 0.0238894790045016 0.4444631730274809 0.0238894790045012 2.0075868855722647
1734706198.740744352 1.1532583740160887 0.0682453128752813 0.4471920190457450 0.0682453128752813 0.6257553697891269 -0.0012574425925654 0.4471920190457449 -0.0012574425925655 2.0337284261960815
1734706198.950736761 1.1723653942766992 0.0317706570655995 0.4730151253261841 0.0317706570655995 0.6017121158051957 -0.0055078042563296 0.4730151253261841 -0.0055078042563296 1.9890488055566933
1734706199.150855541 1.1461254132986372 0.0328168447796841 0.4692862497156551 0.0328168447796840 0.6308319657840622 -0.0476767027552995 0.4692862497156551 -0.0476767027552993 1.9722447828240417
1734706199.360673428 1.1532815759662924 0.0420405949093443 0.4668574778941780 0.0420405949093443 0.6497344530111926 -0.0598913144505281 0.4668574778941780 -0.0598913144505282 1.9981970031158136
1734706199.570515633 1.1214627406405357 0.0190085379241957 0.4714676685132501 0.0190085379241957 0.6524142680750902 -0.0792346180583098 0.4714676685132501 -0.0792346180583098 2.0093155295420537
1734706199.770603418 1.1549791743440905 0.0243629148347903 0.4592481294318777 0.0243629148347902 0.6615174676752524 -0.1046612343639955 0.4592481294318776 -0.1046612343639956 1.9339309958250614
1734706199.970815897 1.1578246737876312 0.0303315740561073 0.4618098577897127 0.0303315740561073 0.6804689703131390 -0.1175875446046310 0.4618098577897128 -0.1175875446046310 1.9497107768261390
1734706200.170860529 1.1664903555031705 0.0113865036793865 0.4825035825563975 0.0113865036793864 0.6757479914975246 -0.1254829904102252 0.4825035825563974 -0.1254829904102251 1.9613273994505214
1734706200.370913982 1.1544300775197163 -0.0042853794811252 0.4794225985013830 -0.0042853794811253 0.6848353358646606 -0.1406886929808052 0.4794225985013830 -0.1406886929808050 1.9015727951228723
1734706200.570924997 1.1318563250244453 0.0220545450309425 0.4401148424128187 0.0220545450309425 0.7119243975238096 -0.1566576769002615 0.4401148424128187 -0.1566576769002614 1.8953404421183335
1734706200.780837774 1.1515502794555845 0.0097512334143480 0.4407301056841609 0.0097512334143480 0.7231440619372734 -0.1695444558427517 0.4407301056841609 -0.1695444558427519 1.9062541823274570
1734706200.990664244 1.1726166679753713 -0.0082086441754573 0.4572269714906742 -0.0082086441754573 0.7229620108975190 -0.1701103269263183 0.4572269714906742 -0.1701103269263185 1.8613247483139985
1734706201.200603485 1.1535377729638341 0.0148532050925493 0.4162045339523819 0.0148532050925493 0.7480957021589929 -0.1793181117184778 0.4162045339523819 -0.1793181117184780 1.8395603841296395
1734706201.400620461 1.1507335439132449 0.0082490324064159 0.4035060830087908 0.0082490324064158 0.7475248244150858 -0.1858206427320232 0.4035060830087908 -0.1858206427320232 1.8096506795173051
1734706201.600658178 1.1539334278210009 0.0019647576434490 0.4021125869175952 0.0019647576434489 0.7469621809386670 -0.1781892847333096 0.4021125869175952 -0.1781892847333098 1.7693843303352348
1734706201.800673485 1.1434010841970228 0.0048173937249064 0.3760502138286660 0.0048173937249064 0.7485682241097922 -0.1616910519514199 0.3760502138286660 -0.1616910519514199 1.6830479426252156
1734706202.010709763 1.1429578019977613 0.0088396847242151 0.3567882153388958 0.0088396847242151 0.7569325528259636 -0.1566572771769191 0.3567882153388959 -0.1566572771769191 1.6778445831681119
1734706202.220657110 1.1446895057748820 -0.0026232034659122 0.3430456154344664 -0.0026232034659122 0.7599967808566797 -0.1504783802430129 0.3430456154344663 -0.1504783802430129 1.6193536552937253
1734706202.420809031 1.1482848001642472 -0.0127390423210423 0.3412245495796269 -0.0127390423210424 0.7544812803740012 -0.1476190660325885 0.3412245495796268 -0.1476190660325884 1.6024727859103307
1734706202.630182743 1.1139775257469626 -0.0000966740080347 0.3159466685839357 -0.0000966740080347 0.7713702507578396 -0.1474716247271557 0.3159466685839357 -0.1474716247271555 1.6030016845080632
1734706202.830555916 1.0950605848701220 0.0037266661994719 0.2808518252484213 0.0037266661994719 0.7874951301887251 -0.1473133762607588 0.2808518252484212 -0.1473133762607590 1.5380543156019792
1734706203.030673265 1.0968293885594738 -0.0224041803834020 0.2751127327931894 -0.0224041803834020 0.7654103062224927 -0.1216494127547476 0.2751127327931892 -0.1216494127547476 1.4834980341506852
1734706203.230772972 1.0956918077044224 -0.0253105859566939 0.2665594161608079 -0.0253105859566939 0.7675037215559356 -0.1111287551520576 0.2665594161608077 -0.1111287551520572 1.4579760700879640
1734706203.430786371 1.0765084456531762 -0.0120996933611939 0.2351755488057926 -0.0120996933611939 0.7843841973215915 -0.1032594750338854 0.2351755488057925 -0.1032594750338853 1.4215216915889770
1734706203.630813360 1.0914303562706107 -0.0002876373568431 0.2149157403310167 -0.0002876373568431 0.7892668793994885 -0.0983652311171251 0.2149157403310167 -0.0983652311171252 1.4233998558680472
1734706203.840605974 1.0950012824054423 -0.0061005081944104 0.2094846801936362 -0.0061005081944104 0.7791709209297442 -0.0799496923773252 0.2094846801936361 -0.0799496923773252 1.4160527220439183
1734706204.040623188 1.0509267588358646 -0.0027778656946158 0.1785524251239894 -0.0027778656946158 0.7985262797308083 -0.0832458198697246 0.1785524251239895 -0.0832458198697248 1.3902280843786048
1734706204.250702620 1.0077807078544774 -0.0091966038745551 0.1590792105898887 -0.0091966038745551 0.7798339888975453 -0.0655706481368555 0.1590792105898886 -0.0655706481368552 1.3704507625619693
1734706204.450789452 0.9374369002862502 0.0324378073988358 0.1323717241641051 0.0324378073988358 0.8170888706001225 -0.0902997637317027 0.1323717241641051 -0.0902997637317027 1.4046400227242299
