1734706176.600523710 1.9966464989518637 2.1143632796964513 0.2000000698460717 0 0 0 1
1734706176.800595045 1.9966471367447767 2.1143639376704946 0.2000002163326970 0 0 0 1
1734706177.000670910 1.9966479431239867 2.1143647426151331 0.2000003861410991 0 0 0 1
1734706177.210860729 1.9966494921227604 2.1143659571192215 0.2000006206487348 0 0 0 1
1734706177.420693636 1.9966510819408705 2.1143676234090489 0.2000010579025642 0 0 0 1
1734706177.630763054 1.9966545720222448 2.1143702949158549 0.2000015816749680 0 0 0 1
1734706177.840802670 2.0268832637872305 2.1467371625396492 0.1999031120304483 0 0 0 1
1734706178.040873051 2.0342272784146833 2.1463927188387397 0.2016899571811182 0 0 0 1
1734706178.250355482 2.0611159560334356 2.1696215107341770 0.2035981227134241 0 0 0 1
1734706178.450453758 2.0826771742435111 2.1599450208187609 0.2033386269522073 0 0 0 1
1734706178.650835037 2.0288696604708361 2.1518009196592729 0.2504038862256278 0 0 0 1
1734706178.860737801 2.0221546441817742 2.1796929984859501 0.2854020883338003 0 0 0 1
1734706179.060754776 2.0444587595127373 2.1558358069969903 0.2553184364531799 0 0 0 1
1734706179.260766029 2.0277798250225532 2.1319788332319924 0.2761217333499199 0 0 0 1
1734706179.470390797 2.0619591649352280 2.1508855412400654 0.3012755856059097 0 0 0 1
1734706179.670727968 2.0431834076246216 2.1924942865563324 0.2625200125606547 0 0 0 1
1734706179.870757580 2.0191913437057778 2.1596888576773980 0.2722170028966999 0 0 0 1
1734706180.080607176 2.0434340343614310 2.1461678372681625 0.2559415945725653 0 0 0 1
1734706180.280611515 2.0141452780353282 2.1604708624270228 0.2579524252180861 0 0 0 1
1734706180.480779171 2.0234101714972805 2.1429375622149225 0.2736577477139083 0 0 0 1
1734706180.690750360 2.0873389733705991 2.1455273043102738 0.2692023126410851 0 0 0 1
1734706180.890795231 2.0700610301059696 2.1392914038853683 0.3025298188467691 0 0 0 1
1734706181.090842485 2.1296915872575086 2.1539142999370502 0.3200510960775457 0 0 0 1
1734706181.290846348 2.2541651105425826 2.1541225561747281 0.3275380575377392 0 0 0 1
1734706181.500802279 2.3221608682823311 2.1559321501765876 0.3772245908063054 0 0 0 1
1734706181.700805187 2.4709109524757711 2.1836282733185000 0.3702093382046006 0 0 0 1
1734706181.910743713 2.6412268800910059 2.2402002280773825 0.5158577291328347 0 0 0 1
1734706182.110758781 2.7267745140046977 2.2517440307291299 0.6699294687733768 0 0 0 1
1734706182.320833683 2.8385622432607187 2.2867527807869794 0.8688745696814151 0 0 0 1
1734706182.521062136 2.9369792210610637 2.3456178330306741 0.9505791427617286 0 0 0 1
1734706182.730823755 3.0148128753204810 2.3866187684382165 1.1510908872230889 0 0 0 1
1734706182.940832853 3.0879460742888343 2.4647455208805353 0.9229103322634535 0 0 0 1
1734706183.150810003 3.1864646693192533 2.5093140750854657 1.1630028936654149 0 0 0 1
1734706183.360715151 3.2696690845756016 2.5095864591930530 1.2989403213827491 0 0 0 1
1734706183.570610046 3.3210418177531471 2.5549268167273147 1.2308721492373167 0 0 0 1
1734706183.770744801 3.4220602202601698 2.6250453181296360 1.3612332723336060 0 0 0 1
1734706183.980749369 3.4865622855498346 2.7490552009839964 1.4375501356071467 0 0 0 1
1734706184.180815935 3.6041387305369712 2.8127095409341329 1.3852801938124759 0 0 0 1
1734706184.390644073 3.6070282087330980 2.8912709674214536 1.6411865134715498 0 0 0 1
1734706184.590767145 3.6452762078570657 2.9573255361507380 1.7166113685365587 0 0 0 1
1734706184.790878057 3.7506918255779662 3.0565399382757046 1.7445172056037543 0 0 0 1
1734706185.000893593 3.8147423809988670 3.1266522471150373 1.8254032605920070 0 0 0 1
1734706185.210778236 3.8170089735826944 3.2430497790526376 1.8500655817038236 0 0 0 1
1734706185.410806656 3.8933064008930063 3.3152375741541684 1.8731530509504364 0 0 0 1
1734706185.610829353 3.9190327008020138 3.4035314344159571 2.1833922100859295 0 0 0 1
1734706185.820771456 3.9843246143849380 3.4973606657676530 2.2281079743281138 0 0 0 1
1734706186.030716181 3.9923099768217130 3.5598766943285209 2.4392788022839889 0 0 0 1
1734706186.230811357 4.0110908508222085 3.6718822315283171 2.5503311952324288 0 0 0 1
1734706186.440791368 4.0747553931080303 3.7926544583973869 2.7108902603568197 0 0 0 1
1734706186.640817642 4.0773070811519130 3.8727233219218915 2.8254733011669115 0 0 0 1
1734706186.840907574 4.0913755917542254 3.9708432249512833 2.8576067857755980 0 0 0 1
1734706187.050754070 4.1447534651540021 4.0961139772649853 2.8872885133074191 0 0 0 1
1734706187.250940084 4.0988807138871959 4.2157535707323053 2.9625934811110550 0 0 0 1
1734706187.460726976 4.1298827620810785 4.2649995811500725 3.0996246973003525 0 0 0 1
1734706187.660763502 4.0985744904021217 4.3566914190012529 3.2221112890487844 0 0 0 1
1734706187.870714426 4.0740310690602390 4.4797090416136536 3.3455176440408465 0 0 0 1
1734706188.070758343 4.0965833506557150 4.5310449552236607 3.4055670239352773 0 0 0 1
1734706188.280809641 4.0540878203523540 4.6363805789613215 3.6279471672587142 0 0 0 1
1734706188.490748167 4.0065855686051917 4.7620908162189020 3.6887828733056081 0 0 0 1
1734706188.700572968 3.9546797790541715 4.8382106476206665 3.7162480308985786 0 0 0 1
1734706188.900679111 3.9183098706339834 4.9663250185847376 3.7148257828181932 0 0 0 1
1734706189.100899220 3.8445621711287479 5.0608373984415564 3.7518423049246143 0 0 0 1
1734706189.310596228 3.8226015234319393 5.1272962682606558 3.7328385055479920 0 0 0 1
1734706189.510662079 3.7474008523072206 5.2015315577771224 3.7474246599167831 0 0 0 1
1734706189.710692406 3.7159216869828726 5.2560737599428480 3.6986762775086541 0 0 0 1
1734706189.910763741 3.6852879319486322 5.3203035277789592 3.6354380108009083 0 0 0 1
1734706190.120786905 3.6391708137925534 5.3986418409325072 3.7603435610820237 0 0 0 1
1734706190.320799828 3.5386680963962940 5.4517671644983059 3.6736079830261765 0 0 0 1
1734706190.520810604 3.4994956267073154 5.5251916286633103 3.6859649979497764 0 0 0 1
1734706190.720824957 3.4135876390471425 5.6010062980449522 3.6910818398464689 0 0 0 1
1734706190.930765390 3.3202132708680665 5.6589201391391111 3.7847807239752673 0 0 0 1
1734706191.130767345 3.2486985057412272 5.7151751373348745 3.7789593828572827 0 0 0 1
1734706191.340781450 3.1258305663005550 5.7874870756728622 3.7373700064527418 0 0 0 1
1734706191.550790548 3.0470475895743454 5.8130735541881524 3.7554992576800927 0 0 0 1
1734706191.760619879 2.9638678125185116 5.8956373732460081 3.7780449957146502 0 0 0 1
1734706191.960707188 2.8573130661946888 5.9485749031694821 3.7888576909125291 0 0 0 1
1734706192.160860062 2.7731062350595868 5.9916932762766830 3.8212052032579886 0 0 0 1
1734706192.370621204 2.6970369107326193 6.0389622559263030 3.7882313019947786 0 0 0 1
1734706192.570787430 2.6059663594337468 6.0094831623338418 3.8314834598899243 0 0 0 1
1734706192.770812273 2.5053883510154402 6.0577111017424849 3.7837236357064108 0 0 0 1
1734706192.980703354 2.4076527770647576 6.0994925285373327 3.8390797004675896 0 0 0 1
1734706193.180753708 2.2960243723304350 6.0815527938141303 3.8781352497153168 0 0 0 1
1734706193.390897512 2.1226555218197567 6.0571291162291123 3.8775839446403864 0 0 0 1
1734706193.600503206 2.0343184562430312 6.0912522650405272 3.9444036143589121 0 0 0 1
1734706193.800593853 1.9598790259763910 6.1151444976988456 3.9113048166203952 0 0 0 1
1734706194.000763416 1.8808447662743901 6.0766171620693079 3.9028282678981339 0 0 0 1
1734706194.210777521 1.7708130903479606 6.0296947171671036 3.9257292423032575 0 0 0 1
1734706194.420531511 1.6455224085109903 6.0301421682627261 3.9503902956883641 0 0 0 1
1734706194.620698929 1.5769234652728792 6.0232946965476604 3.9227449408424171 0 0 0 1
1734706194.830591679 1.4542872891611227 5.9485274038315703 3.8907542053393707 0 0 0 1
1734706195.040545225 1.3855076511800035 5.9328126114096671 3.9061562052396241 0 0 0 1
1734706195.240804672 1.3081536896768617 5.8705299063016714 3.9404096713758299 0 0 0 1
1734706195.450697422 1.1579893585341132 5.8141973410593906 3.9714208615218887 0 0 0 1
1734706195.650768757 1.1067681741950495 5.8229493040904110 3.9848053096620037 0 0 0 1
1734706195.860732555 0.9976182456455552 5.8020258905195039 4.0014263424196796 0 0 0 1
1734706196.070566416 0.9135503104549676 5.7317833402122105 4.0031264764838541 0 0 0 1
1734706196.270630360 0.8227147281829358 5.6316837568955300 3.9759076038702617 0 0 0 1
1734706196.470766783 0.7648127858563025 5.6090884574296318 3.9356986027298757 0 0 0 1
1734706196.680687904 0.6622018461961073 5.5540343162667876 3.9082236734638092 0 0 0 1
1734706196.880690813 0.5698717964953344 5.4578903630180751 3.9189423699846371 0 0 0 1
1734706197.080718279 0.4735381505931188 5.3785809812129060 3.8890680742386188 0 0 0 1
1734706197.280764818 0.3936568807282346 5.2737893492369023 3.7996205399649807 0 0 0 1
1734706197.490696430 0.3526990512638799 5.1722044261669948 3.7909499772764184 0 0 0 1
1734706197.700774193 0.3171962170455030 5.1093981704717946 3.8007305057447440 0 0 0 1
1734706197.910603762 0.2576840092628472 5.0057251304573098 3.8358591402916948 0 0 0 1
1734706198.120525599 0.2399480398142401 4.9444971611199380 3.8806697068267715 0 0 0 1
1734706198.330549717 0.1466568881609627 4.8796847498623759 3.8404758025564654 0 0 0 1
1734706198.530563831 0.1003453760220616 4.7769020103705877 3.8545643224357469 0 0 0 1
1734706198.740744352 0.0968976159120981 4.6538415514484717 3.8800104834828213 0 0 0 1
1734706198.950736761 0.0444560804348789 4.5308500004165433 3.8760672099887348 0 0 0 1
1734706199.150855541 0.0019245578117479 4.4750021947449730 3.9131313336683262 0 0 0 1
1734706199.360673428 -0.0088841642090911 4.3519129127980936 3.8938560336887944 0 0 0 1
1734706199.570515633 0.0153335129390563 4.2343850699564287 3.8867514494641990 0 0 0 1
1734706199.770603418 -0.0416323972114193 4.1824096149927152 3.9354464198503902 0 0 0 1
1734706199.970815897 -0.0655330254967785 4.0825220521120773 3.8955246073561720 0 0 0 1
1734706200.170860529 -0.0593581764375965 3.9528371769796586 3.9320094899746438 0 0 0 1
1734706200.370913982 -0.0549800824443758 3.9056956924969950 3.9347841521617206 0 0 0 1
1734706200.570924997 -0.0219987764210013 3.7766762967217451 3.8998793627904571 0 0 0 1
1734706200.780837774 -0.0380842719138782 3.6326941066948697 3.8969593007573406 0 0 0 1
1734706200.990664244 0.0115560630468313 3.5637431893696072 3.9016604534105745 0 0 0 1
1734706201.200603485 0.0414340336791497 3.4679020234191289 3.8495358743846784 0 0 0 1
1734706201.400620461 0.0371439879948135 3.3849497906726622 3.8847127550501970 0 0 0 1
1734706201.600658178 0.0988984199773602 3.2788936638281307 3.9292634152894221 0 0 0 1
1734706201.800673485 0.1682721028072991 3.2492437718485978 3.9537162415748179 0 0 0 1
1734706202.010709763 0.2072206627910120 3.1083166491506136 3.9826831681426786 0 0 0 1
1734706202.220657110 0.2384857686266680 3.0273716927536105 3.9348521322126486 0 0 0 1
1734706202.420809031 0.2751881132131837 2.9549248511910524 3.9172090920310425 0 0 0 1
1734706202.630182743 0.3406558332572013 2.8307880635219989 3.9392474459648299 0 0 0 1
1734706202.830555916 0.4357833717652773 2.7387267893225986 3.9562776652663354 0 0 0 1
1734706203.030673265 0.4844524035679249 2.6933580648788769 3.9969577943426042 0 0 0 1
1734706203.230772972 0.5687602896828183 2.6168826733631501 4.0450655332992751 0 0 0 1
1734706203.430786371 0.6496435610315541 2.6076505403434624 4.0393544937466102 0 0 0 1
1734706203.630813360 0.7006163412578649 2.5516047389578609 4.0785326148764884 0 0 0 1
1734706203.840605974 0.8037424241135491 2.4778247143726642 4.0870482773113572 0 0 0 1
1734706204.040623188 0.9211480240885164 2.3850013147872362 4.0985355919843123 0 0 0 1
1734706204.250702620 1.0457881645129825 2.3492233316574054 3.9795343350365715 0 0 0 1
1734706204.450789452 1.1268415340157500 2.2929803996847382 3.9699212004150968 0 0 0 1
